	MaxCombos = 3
	Score = 1412
	1         -1                  -1                  0                   
	4         -0.01933336         71.83482            1                   
	2         -1                  -1                  0                   
	3         -1                  -1                  0                   
	6         0.224               114.3464            1                   
	6         0.224               159.112             1                   
	5         -1                  -1                  0                   
	8         0.2133331           98.45176            2                   
	7         -1                  -1                  0                   
	9         0.04466629          130.4826            1                   
	10        0.2346663           146.8881            1                   
	12        0.2133336           97.12195            2                   
	11        -1                  -1                  0                   
	13        0.2453332           108.3885            1                   
	13        0.2453332           147.0127            1                   
	14        -1                  -1                  0                   
	16        0.2026668           114.5909            1                   
	15        -1                  -1                  0                   
	17        0.0126667           60.35333            1                   
	18        0.05533314          130.4496            1                   
	20        0.224               116.0654            1                   
	19        -1                  -1                  0                   
	21        0.05533314          130.6412            1                   
	23        0.224               115.0466            1                   
	24        0.2453337           146.7092            1                   
	22        -1                  -1                  0                   
	MaxCombos = 3
	Score = 19497

	index     delay               angle               category            
	--------- ------------------- ------------------- ------------------- 
	0         0.02133334          114.6448            1                   
	3         0.02131248          157.8332            1                   
	1         -1                  -1                  0                   
	2         -1                  -1                  0                   
	5         -0.1416667          64.58719            1                   
	8         -0.2270002          61.29815            1                   
	6         -1                  -1                  0                   
	7         -1                  -1                  0                   
	10        -0.2056665          60.56607            1                   
	11        -1                  -1                  0                   
	13        0.01066685          102.9728            2                   
	12        -1                  -1                  0                   
	15        -1                  -1                  0                   
	17        0                   98.71204            2                   
	16        -1                  -1                  0                   
	20        -0.1950006          89.64437            3                   
	19        -1                  -1                  0                   
	22        0.1280003           136.8092            1                   
	21        -1                  -1                  0                   
	SongName = 
	MaxCombos = 12
	Score = 1208
	1         -1                  -1                  0                   
	2         -1                  -1                  0                   
	3         -1                  -1                  0                   
	4         -1                  -1                  0                   
	5         0.001999855         70.8731             1                   
	6         -1                  -1                  0                   
	7         -1                  -1                  0                   
	8         -0.224              59.83292            1                   
	9         -1                  -1                  0                   
	10        0.07666683          107.99              1                   
	11        0.298666            101.8618            2                   
	12        0.2559996           141.3661            1                   
	13        0.2880001           100.4743            2                   
	14        0.2026663           108.1315            1                   
	15        0.1300011           100.6498            2                   
	16        0.1919994           54.11341            1                   
	17        0.2666664           124.0041            1                   
	18        0.09799957          134.1585            1                   
	19        0.2560005           131.8299            1                   
	20        0.0233326           97.57591            2                   
	21        0.2453327           73.77564            1                   
	22        -1                  -1                  0                   
	23        -1                  -1                  0                   
	24        -0.2880001          60.39813            1                   
	27        0.4373341           114.7998            1                   
	26        -1                  -1                  -1                  
	SongName = 
	MaxCombos = 5
	Score = 14211

	index     delay               angle               category            
	--------- ------------------- ------------------- ------------------- 
	0         0.03199995          144.2771            1                   
	1         -1                  -1                  0                   
	2         -1                  -1                  0                   
	4         -0.02454185         121.0974            1                   
	5         -1                  -1                  0                   
	8         -1                  -1                  0                   
	10        -1                  -1                  0                   
	14        -0.1948957          88.72765            3                   
	15        -1                  -1                  0                   
	19        -0.02116585         103.1992            2                   
	21        -0.0105629          77.77567            2                   
	23        -0.05324936         56.59401            1                   
	24        0.48773             127.0421            1                   
	28        0.05341721          144.65              1                   
	30        -1                  -1                  0                   
	31        -0.2056255          144.6835            1                   
	33        -1                  -1                  0                   
	37        -1                  -1                  0                   
	38        -0.2056274          131.1992            1                   
	39        -0.1949005          136.7682            1                   
	40        -0.1948967          138.7143            1                   
	41        -1                  -1                  0                   
	SongName = 
	MaxCombos = 16
	Score = 297835

	index     delay               angle               category            
	--------- ------------------- ------------------- ------------------- 
	0         -0.1952083          112.8225            1                   
	1         -1                  -1                  0                   
	2         -0.01083326         102.2987            2                   
	4         0.01056242          104.4695            2                   
	5         -0.2164998          116.6181            1                   
	6         -1                  -1                  0                   
	8         0.0319376           141.7999            1                   
	10        -1                  -1                  0                   
	14        0.09587479          107.7176            1                   
	15        -1                  -1                  0                   
	19        -0.02143669         78.10783            2                   
	21        -0.2164783          105.8992            1                   
	23        -0.03210449         87.76772            3                   
	24        -0.01083374         83.05299            2                   
	25        -0.02445793         113.0837            1                   
	28        -0.2164993          107.2256            1                   
	30        -0.02148056         84.6017             2                   
	31        0.02118683          123.9077            1                   
	34        -0.0001239777       107.4182            1                   
	36        -0.2058372          110.8605            1                   
	38        -0.0001029968       106.0587            1                   
	39        -0.01083374         56.5513             1                   
	40        -0.2164612          86.34747            3                   
	41        -1                  -1                  0                   
	42        -0.2269402          70.96694            1                   
	44        -0.2163544          85.86514            2                   
	45        2.288818E-05        104.9204            2                   
	46        -0.2377548          78.62872            2                   
	48        -0.0108757          102.2207            2                   
	49        -0.1738358          101.6572            2                   
	50        -0.1952286          97.58719            2                   
	52        -0.0001869202       103.0147            2                   
	53        -1                  -1                  0                   
	55        -0.1951256          117.0202            1                   
	56        -0.1098137          111.8889            1                   
	57        -0.2058144          72.30156            1                   
	58        -0.1204605          114.8763            1                   
	59        -0.0002288818       112.6656            1                   
	60        -0.01079178         74.7841             1                   
	63        -1                  -1                  0                   
	65        -0.1843948          120.4324            1                   
	66        -1                  -1                  0                   
	67        -0.2057266          105.4086            1                   
	68        0.07458496          94.44468            2                   
	69        -0.0001296997       101.9578            2                   
	70        -0.173851           117.5202            1                   
	73        0.2988586           108.2622            1                   
	76        -1                  -1                  0                   
	78        0.02104187          110.7927            1                   
	80        -0.1953125          107.6376            1                   
	81        -0.000289917        115.0967            1                   
	82        0.01041412          104.4095            2                   
	83        -0.1845016          125.6539            1                   
	84        -0.1631851          119.6724            1                   
	85        -0.2058258          112.5814            1                   
	86        -0.03215027         82.37046            2                   
	89        -0.02147675         78.28802            2                   
	91        -0.0001296997       74.81677            1                   
	92        -0.02145386         77.74296            2                   
	94        -0.2058105          61.5964             1                   
	96        0.01049805          101.3509            2                   
	97        -0.2165451          61.47737            1                   
	98        -0.1949158          100.4867            2                   
	100       -0.4369583          48.92891            1                   
	101       -1                  -1                  -1                  
	SongName = 
	MaxCombos = 18
	Score = 348398

	index     delay               angle               category            
	--------- ------------------- ------------------- ------------------- 
	0         -1                  -1                  0                   
	3         -1                  -1                  0                   
	5         -1                  -1                  0                   
	6         -0.1737289          77.243              2                   
	8         -0.1844168          107.1296            1                   
	10        0.0106039           103.6808            2                   
	12        -0.01074982         79.37201            2                   
	14        -1                  -1                  0                   
	16        -1                  -1                  0                   
	18        -8.201599E-05       78.87451            2                   
	19        -0.2057495          61.95098            1                   
	20        0.1919384           105.3805            1                   
	21        0.02129173          91.58734            3                   
	22        0.02129173          100.4704            2                   
	23        -0.0001049042       79.08815            2                   
	24        -0.1951027          67.30009            1                   
	25        -6.29425E-05        79.14931            2                   
	26        -0.2057495          57.52286            1                   
	27        -0.2163963          57.1358             1                   
	29        -0.2056446          52.07957            1                   
	31        -0.0002059937       99.90563            2                   
	32        -0.1951027          95.38375            2                   
	34        -0.01077271         79.40176            2                   
	36        -0.1524162          93.93117            3                   
	37        -1                  -1                  0                   
	39        -0.2057495          63.11545            1                   
	41        -0.1844177          70.14737            1                   
	44        -0.2163963          63.27166            1                   
	45        -0.1843987          115.0065            1                   
	46        -0.2057304          114.1415            1                   
	48        0.01052094          105.3127            1                   
	49        -0.1845207          91.19684            3                   
	51        -0.000164032        104.7067            2                   
	52        -1                  -1                  0                   
	54        -1                  -1                  0                   
	57        -0.1952095          71.42183            1                   
	59        -0.02145767         79.68398            2                   
	60        0.1704788           152.338             1                   
	61        -0.1418762          99.38658            2                   
	63        -0.2058372          68.93941            1                   
	67        -4.196167E-05       57.70224            1                   
	70        -0.2057076          71.6184             1                   
	71        -0.2057495          66.17647            1                   
	72        -0.1845245          66.17833            1                   
	73        -0.01073456         84.73968            2                   
	74        -0.2056808          68.86628            1                   
	75        -0.1950378          68.97981            1                   
	76        -0.1738739          120.616             1                   
	77        -0.1948318          59.36322            1                   
	78        -0.1950989          97.02113            2                   
	79        -0.2057648          58.24205            1                   
	80        0.02125549          98.62141            2                   
	82        -0.2057877          59.30554            1                   
	83        -1                  -1                  0                   
	85        0.0212326           104.0388            2                   
	86        -0.1950989          74.45604            1                   
	87        -0.2056885          35.20249            1                   
	88        -0.2163544          12.26895            1                   
	89        0.02124786          99.45132            2                   
	91        -0.1845398          93.86247            3                   
	92        -1                  -1                  0                   
	SongName = 
	MaxCombos = 6
	Score = 24156

	index     delay               angle               category            
	--------- ------------------- ------------------- ------------------- 
	0         -0.010625           51.81346            1                   
	1         -0.05333328         37.45277            1                   
	2         -1                  -1                  0                   
	5         0.03208351          142.1158            1                   
	6         -0.1843328          99.6358             2                   
	8         -1                  -1                  -1                  
	10        -0.2053547          136.1276            1                   
	12        -0.07729244         92.2094             3                   
	14        0.01102066          89.66138            3                   
	15        -0.07433319         26.16692            1                   
	17        0.05368805          72.85691            1                   
	19        -0.2265816          24.25554            1                   
	21        -1                  -1                  0                   
	24        -0.2372074          21.00062            1                   
	26        0.1070633           62.64912            1                   
	28        -0.2158947          60.62697            1                   
	30        -1                  -1                  0                   
	31        -1                  -1                  0                   
	35        -0.2052917          53.53165            1                   
	38        0.0218544           129.4773            1                   
	39        -0.1945648          122.885             1                   
	40        -1                  -1                  0                   
	41        -1                  -1                  -1                  
	42        -0.1840248          156.1397            1                   
	44        -1                  -1                  -1                  
	45        0.0002326965        125.0031            1                   
	46        -1                  -1                  0                   
	48        -1                  -1                  -1                  
	SongName = 
	MaxCombos = 7
	Score = 100380

	index     delay               angle               category            
	--------- ------------------- ------------------- ------------------- 
	0         0.01066667          101.4541            2                   
	1         0.1493541           137.773             1                   
	3         0.4662712           126.6037            1                   
	5         -0.1843753          69.0972             1                   
	6         -0.2377291          23.22               1                   
	8         -0.1630411          112.4899            1                   
	10        -0.1949797          76.52252            2                   
	12        -1                  -1                  0                   
	14        -0.1950417          68.39053            1                   
	15        -0.1951027          140.1821            1                   
	16        -1                  -1                  0                   
	18        -1                  -1                  0                   
	20        -0.1843948          77.841              2                   
	21        -0.1844578          103.6787            2                   
	22        0.02124977          132.4621            1                   
	23        -0.1843739          87.11623            3                   
	24        -0.1737289          130.5958            1                   
	25        -0.2056446          88.37682            3                   
	26        -1                  -1                  0                   
	29        0.02131271          155.2795            1                   
	30        -0.1523933          136.493             1                   
	32        -0.173687           119.7767            1                   
	34        -0.1737289          123.1489            1                   
	37        -0.1948776          72.56041            1                   
	38        -0.1630249          55.8276             1                   
	39        -1                  -1                  0                   
	43        -0.1843567          103.8638            2                   
	45        -0.2056465          87.43518            3                   
	46        0.498291            134.6252            1                   
	48        0.07466888          142.7842            1                   
	49        0.0212326           137.2958            1                   
	51        -0.04266357         42.98566            1                   
	52        -0.0001220703       104.7251            2                   
	53        -1                  -1                  0                   
	57        -1                  -1                  0                   
	59        -1                  -1                  0                   
	61        0.4768944           118.8823            1                   
	63        0.04266357          157.6952            1                   
	67        0.04260635          156.3221            1                   
	70        -1                  -1                  -1                  
	71        0.02112579          132.7113            1                   
	72        0.02128601          139.2055            1                   
	73        -0.01079559         106.5393            1                   
	74        -1.525879E-05       114.0173            1                   
	75        0.1385422           135.585             1                   
	76        0.01064301          135.6779            1                   
	77        -0.1526489          54.94195            1                   
	78        -1                  -1                  0                   
	SongName = 
	MaxCombos = 9
	Score = 35078

	index     delay               angle               category            
	--------- ------------------- ------------------- ------------------- 
	0         -0.06693745         115.9427            1                   
	2         -1                  -1                  0                   
	4         -0.02454185         129.4361            1                   
	6         -1                  -1                  0                   
	9         0.3731251           111.1498            1                   
	10        0.1599789           80.85378            2                   
	12        -0.003354073        127.6144            1                   
	14        0.2026243           135.3864            1                   
	15        0.1809998           55.56261            1                   
	16        0.08212471          106.588             1                   
	18        -1                  -1                  0                   
	20        -0.0563736          86.31778            3                   
	21        0.2129784           97.23948            2                   
	22        0.1916447           61.58512            1                   
	23        -0.03529167         61.85698            1                   
	24        0.2023335           143.0856            1                   
	25        -0.03543663         45.76256            1                   
	26        0.2130413           174.2545            1                   
	27        0.1810417           87.32507            3                   
	29        -0.03531265         84.48397            2                   
	30        -1                  -1                  0                   
	34        0.2235832           116.6727            1                   
	37        -1                  -1                  0                   
	39        -1                  -1                  0                   
	45        0.1066055           29.11534            1                   
	46        -0.03523254         38.23659            1                   
	48        0.1810226           47.10657            1                   
	49        0.007415771         113.5181            1                   
	51        -0.05656052         108.3287            1                   
	52        -1                  -1                  0                   
	55        0.1922112           114.0345            1                   
	57        -0.02454376         105.0945            1                   
	59        -0.01366806         140.885             1                   
	60        -1                  -1                  0                   
	63        -1                  -1                  0                   
	69        -1                  -1                  0                   
	SongName = 
	MaxCombos = 19
	Score = 174691

	index     delay               angle               category            
	--------- ------------------- ------------------- ------------------- 
	0         0.2453117           123.0317            1                   
	3         -0.04574966         67.63679            1                   
	4         -1                  -1                  0                   
	8         0.02895927          53.50094            1                   
	9         -0.05639458         90.73873            3                   
	11        -0.04577065         96.35345            2                   
	12        -1                  -1                  0                   
	15        0.1141663           55.86021            1                   
	17        0.2024574           99.61705            2                   
	18        0.02875137          94.97215            2                   
	20        -1                  -1                  0                   
	23        0.2344589           122.6468            1                   
	24        0.1706009           86.5696             3                   
	26        -0.02429199         54.54123            1                   
	27        0.234581            143.4599            1                   
	29        0.2771645           151.3482            1                   
	30        0.1384583           31.98177            1                   
	31        0.2024994           79.69855            2                   
	33        -0.04583359         28.57945            1                   
	35        0.1810646           34.69324            1                   
	37        -0.03516769         102.2908            2                   
	39        0.1918335           86.28137            3                   
	41        -0.02454376         103.5984            2                   
	42        0.2025223           117.3115            1                   
	44        0.05010223          121.2645            1                   
	46        -0.01375198         107.3524            1                   
	48        -0.003105164        115.7582            1                   
	49        -0.00302124         66.06647            1                   
	50        -0.01381302         114.6008            1                   
	52        -0.003063202        127.5342            1                   
	53        -1                  -1                  0                   
	57        -1                  -1                  0                   
	60        -0.02431488         121.5106            1                   
	63        -1                  -1                  0                   
	66        0.2025833           96.52835            2                   
	67        -0.01379395         71.64075            1                   
	68        0.2025452           109.0185            1                   
	69        -0.04576874         114.1996            1                   
	71        -0.07778931         30.78671            1                   
	72        -0.0244751          108.5506            1                   
	73        0.03960419          99.09097            2                   
	75        0.223877            94.16862            2                   
	76        0.159874            37.86887            1                   
	77        -0.01387024         119.5148            1                   
	79        -1                  -1                  0                   
	81        -0.04574585         83.2396             2                   
	83        -0.03510284         93.00366            3                   
	85        -1                  -1                  0                   
	88        -1                  -1                  0                   
	90        0.2132492           130.0224            1                   
	92        0.2450256           138.3403            1                   
	93        0.2342682           154.2765            1                   
	95        0.2022705           107.9161            1                   
	96        0.1919174           110.8966            1                   
	98        -0.00302124         72.80231            1                   
	100       -0.03495026         98.67011            2                   
	102       -0.01358032         88.7822             3                   
	104       0.03974915          89.41785            3                   
	105       -1                  -1                  0                   
