1.267884		
1.476217		
1.80955		
2.226217		
2.392884		
3.726217		
4.142884		
4.851217		
5.226217		
5.55955		
6.017884		
6.18455		
6.601217		
7.476217		
7.93455		
8.68455		
9.017884		
9.43455		
9.851217		
9.976217		
11.267884		
11.68455		
12.392884		
12.767884		
13.142884		
13.601217		
13.726217		
14.18455		
15.267884		
15.726217		
16.267884		
16.55955		
16.976217		
17.43455		
17.55955		
17.892884		
18.05955		
18.726217		
18.851217		
19.017884		
19.142884		
19.267884		
19.517884		
19.726217		
20.05955		
20.392884		
20.767884		
21.767884		
22.851217		
23.017884		
23.226217		
23.476217		
23.851217		
24.142884		
24.55955		
24.976217		
25.05955		
25.517884		
25.601217		
26.642884		
26.767884		
27.017884		
27.30955		
27.642884		
27.976217		
28.30955		
29.30955		
30.392884		
30.601217		
30.851217		
32.351217		
33.68455		
34.68455		
35.55955		
36.517884		
36.767884		
37.517884		
38.43455		
39.392884		
40.30955		
41.18455		
41.43455		
42.18455		
43.142884		
44.05955		
45.05955		
45.80955		
46.017884		
46.851217		
47.851217		
48.80955		
49.68455		
50.101217		
50.392884		
50.517884		
50.767884		
51.642884		
52.601217		
53.55955		
54.30955		
54.476217		
55.43455		
56.351217		
57.226217		
58.05955		
58.30955		
59.476217		
60.642884		
61.101217		
61.601217		
61.851217		
62.976217		
63.767884		
64.05955		
64.517884		
65.392884		
65.68455		
66.726217		
67.18455		
67.351217		
67.601217		
68.226217		
68.55955		
68.93455		
69.142884		
69.517884		
70.55955		
71.517884		
72.476217		
73.392884		
74.267884		
75.267884		
76.142884		
76.351217		
77.18455		
77.976217		
78.18455		
79.101217		
80.017884		
80.892884		
81.851217		
82.80955		
83.767884		
84.68455		
85.68455		
86.601217		
87.55955		
88.43455		
89.351217		
89.601217		
90.642884		
90.767884		
91.851217		
92.18455		
92.55955		
