0.816327
1.451247
1.995465
2.539683
2.902494
3.174603
3.673469
4.30839
4.807256
5.079365
5.351474
5.804989
6.258503
6.530612
6.712018
6.893424
7.165533
7.39229
7.709751
8.117914
8.526077
8.843537
9.070295
9.342404
9.52381
9.705215
10.022676
10.430839
10.839002
11.111111
11.247166
11.428571
11.564626
11.746032
12.108844
12.562358
12.834467
13.287982
13.650794
13.968254
14.14966
14.285714
14.557823
15.011338
15.419501
15.69161
15.873016
16.00907
16.145125
16.326531
16.462585
16.598639
16.870748
17.324263
17.687075
18.004535
18.14059
18.321995
18.45805
18.594104
18.77551
18.911565
19.138322
19.546485
19.909297
20.272109
20.408163
20.589569
20.725624
20.861678
21.269841
21.723356
21.995465
22.494331
22.857143
23.0839
24.30839
24.716553
25.124717
26.575964
27.07483
27.437642
28.526077
28.707483
28.843537
29.478458
30.068027
30.47619
30.884354
31.111111
31.609977
32.018141
32.335601
33.469388
33.922902
34.331066
34.603175
35.056689
35.464853
35.69161
36.190476
36.598639
36.825397
37.324263
37.732426
38.004535
38.548753
39.183673
39.727891
40.272109
40.861678
41.405896
41.54195
41.995465
42.131519
42.585034
42.76644
42.902494
43.0839
43.310658
43.446712
43.764172
43.945578
44.30839
44.489796
44.852608
45.034014
45.170068
45.306122
45.623583
45.759637
45.895692
46.031746
46.1678
46.575964
46.75737
47.120181
47.301587
47.437642
47.573696
47.891156
48.027211
48.344671
48.61678
48.888889
49.160998
49.433107
49.750567
50.022676
50.294785
50.612245
50.793651
51.156463
51.337868
51.746032
51.927438
52.063492
52.199546
52.426304
52.60771
52.879819
53.015873
53.424036
53.560091
54.013605
54.14966
54.331066
54.421769
54.693878
54.829932
55.011338
55.192744
55.328798
55.69161
55.873016
56.281179
56.462585
56.598639
56.734694
57.006803
57.142857
57.460317
58.004535
58.231293
58.594104
58.866213
59.138322
59.501134
59.773243
60.31746
60.725624
61.088435
61.405896
61.587302
61.723356
61.85941
62.040816
62.176871
62.403628
62.630385
63.038549
63.446712
63.718821
63.900227
64.036281
64.172336
64.30839
64.489796
64.62585
64.897959
65.306122
65.668934
65.986395
66.1678
66.303855
66.485261
66.621315
67.029478
67.437642
67.755102
68.163265
68.571429
68.843537
69.115646
69.387755
69.84127
70.249433
70.612245
70.748299
70.884354
71.06576
71.201814
71.337868
71.473923
71.746032
72.199546
72.562358
72.879819
73.015873
73.151927
73.287982
73.469388
73.650794
73.8322
74.013605
74.46712
74.875283
75.147392
75.328798
75.464853
75.646259
75.827664
76.190476
76.598639
76.9161
77.369615
77.777778
78.004535
79.138322
79.591837
80.045351
81.451247
81.904762
82.312925
83.401361
83.582766
83.900227
84.30839
84.897959
85.306122
85.759637
85.986395
86.485261
86.893424
87.165533
88.29932
88.752834
89.160998
89.433107
89.84127
90.340136
90.566893
91.020408
91.428571
91.70068
92.154195
92.562358
92.834467
93.424036
94.058957
94.557823
95.147392
95.736961
96.281179
96.462585
96.870748
97.052154
97.460317
97.641723
97.777778
97.959184
98.14059
98.321995
98.639456
98.77551
99.183673
99.319728
99.727891
99.909297
100.045351
100.226757
100.453515
100.634921
100.770975
100.907029
101.043084
101.496599
101.632653
102.040816
102.222222
102.358277
102.494331
102.721088
102.902494
103.174603
103.492063
103.764172
104.081633
104.30839
104.489796
104.671202
104.761905
105.079365
105.442177
106.031746
106.575964
106.75737
106.893424
107.029478
107.301587
107.437642
107.755102
107.891156
108.344671
108.526077
108.93424
109.115646
109.251701
109.387755
109.614512
109.750567
109.931973
110.068027
110.204082
110.612245
110.793651
111.156463
111.38322
111.519274
111.609977
111.882086
112.108844
112.290249
112.834467
113.424036
113.696145
113.968254
114.648526
115.646259
116.00907
116.326531
116.643991
116.870748
117.188209
117.460317
117.913832
118.321995
118.639456
118.909388
