	SongName = 8-bit_Aggressive1
	MaxCombos = 15
	Score = 98158

	index     delay               angle               category            
	--------- ------------------- ------------------- ------------------- 
	0         -0.1890862          96.49392            2                   
	1         0.2356236           99.90578            2                   
	3         -0.1709683          109.2135            1                   
	4         0.02843523          79.05164            2                   
	5         -0.1851864          60.9533             1                   
	7         0.3866282           63.11958            1                   
	8         -1                  -1                  0                   
	11        -1                  -1                  0                   
	13        0.5232258           137.5755            1                   
	16        0.06095219          88.53842            3                   
	17        -0.1862068          71.90595            1                   
	19        -0.1706963          138.6451            1                   
	20        -1                  -1                  -1                  
	20        -1                  -1                  -1                  
	22        -0.3830833          48.51813            1                   
	23        0.01183701          128.7268            1                   
	24        -1                  -1                  -1                  
	24        -1                  -1                  -1                  
	26        -0.1895847          55.96992            1                   
	27        0.02718925          162.8732            1                   
	28        0.04018211          114.5995            1                   
	29        0.04145241          142.8806            1                   
	30        -1                  -1                  -1                  
	30        -1                  -1                  -1                  
	32        -1                  -1                  0                   
	35        0.03959274          139.2848            1                   
	36        0.06215668          87.68078            3                   
	37        0.0421524           152.1288            1                   
	38        -0.1809692          123.2678            1                   
	39        0.014534            133.6634            1                   
	40        -0.1757088          100.9684            2                   
	41        -0.1853218          87.59697            3                   
	42        -0.05779648         107.3896            1                   
	43        -0.1788826          102.2702            2                   
	46        0.0445137           122.834             1                   
	48        -0.1749382          111.335             1                   
	50        -0.1978874          67.61025            1                   
	51        -0.1051903          63.54603            1                   
	53        -0.1768684          111.567             1                   
	54        0.03814316          133.3387            1                   
	55        -1                  -1                  0                   
	SongName = 8-bit_Aggressive1
	MaxCombos = 14
	Score = 277092

	index     delay               angle               category            
	--------- ------------------- ------------------- ------------------- 
	0         -0.168678           126.5359            1                   
	1         0.04269838          123.562             1                   
	2         0.0382086           93.22022            3                   
	3         -0.1829636          108.0822            1                   
	4         0.03954649          146.9716            1                   
	5         0.05637193          137.7085            1                   
	6         0.02328825          148.4684            1                   
	7         0.03954649          137.9431            1                   
	9         0.04215431          136.5396            1                   
	10        -0.1877489          81.88809            2                   
	12        0.0485487           98.61889            2                   
	13        0.05900192          100.4               2                   
	14        -0.1922617          97.08238            2                   
	17        -0.179903           75.72411            2                   
	15        -1                  -1                  0                   
	19        -0.1851187          62.14917            1                   
	20        0.03448963          153.3954            1                   
	21        0.04668903          91.78952            3                   
	23        -0.1896086          103.5587            2                   
	24        0.03999996          92.62468            3                   
	26        0.02505589          156.9393            1                   
	25        -1                  -1                  0                   
	28        -0.1672707          102.868             2                   
	30        -0.18573            97.79806            2                   
	31        -0.1902409          97.35123            2                   
	32        0.04258537          162.029             1                   
	34        -0.1831226          101.5014            2                   
	33        -1                  -1                  0                   
	36        -0.1934166          75.00991            2                   
	37        -0.1875877          104.278             2                   
	38        0.05333328          120.6804            1                   
	39        -0.1891994          86.32511            3                   
	40        -0.1723728          96.40745            2                   
	41        0.198164            125.8747            1                   
	43        -0.1755943          103.6909            2                   
	42        -1                  -1                  0                   
	45        0.01321983          110.9815            1                   
	46        -0.1853428          80.31731            2                   
	47        0.1851711           102.3226            2                   
	48        0.03133774          154.9975            1                   
	50        -0.2040501          21.53063            1                   
	49        -1                  -1                  0                   
	51        -1                  -1                  0                   
	53        -0.1930313          121.8807            1                   
	54        -0.02423859         36.33827            1                   
	55        -0.2008553          45.55696            1                   
	56        0.0410881           102.4589            2                   
	57        -1                  -1                  -1                  
	57        -1                  -1                  -1                  
	58        -0.184597           115.5908            1                   
	59        -0.1806488          78.38926            2                   
	60        0.05344772          102.3728            2                   
	61        -0.2119904          68.46066            1                   
	62        0.1798401           151.3525            1                   
	63        -0.1053429          125.6415            1                   
	64        -1                  -1                  0                   
	66        -0.02231598         62.0487             1                   
	67        -0.03666306         33.55914            1                   
	69        0.09900284          93.34364            3                   
	68        -1                  -1                  0                   
