                
	SongName = C:\Users\edbod\Music\ITZY _WANNABE_ Performance Video (320 kbps).mp3
	MaxCombos = 2
	Score = 0

	index     delay               angle               category            
	--------- ------------------- ------------------- ------------------- 
	0         0.2240207           85.01497            2                   
	1         0.2239585           91.36443            3                   
	3         -1                  -1                  0                   
	5         -1                  -1                  0                   
	7         -1                  -1                  0                   
	9         -1                  -1                  0                   
	12        -1                  -1                  0                   
	17        -1                  -1                  0                   
	20        -1                  -1                  0                   
	23        -1                  -1                  0                   
	25        -1                  -1                  0                   
	28        -1                  -1                  0                   
	SongName = C:\Users\edbod\Music\ITZY _WANNABE_ Performance Video (320 kbps).mp3
	MaxCombos = 46
	Score = 1768777

	index     delay               angle               category            
	--------- ------------------- ------------------- ------------------- 
	0         -0.003000021        107.2778            1                   
	1         0.3306667           141.8534            1                   
	2         0.2879791           103.2216            2                   
	4         0.05029154          103.5686            2                   
	5         0.2452917           127.8004            1                   
	6         -0.03504181         53.77677            1                   
	10        -0.03506184         107.7903            1                   
	9         0.3946042           103.483             2                   
	8         -1                  -1                  0                   
	13        0.02893782          89.74954            3                   
	14        -0.03506231         101.3104            2                   
	15        -0.02441645         101.003             2                   
	18        -0.03506279         75.4197             2                   
	19        0.3306456           133.9231            1                   
	20        0.02910423          48.02879            1                   
	21        -0.02422905         100.8272            2                   
	25        -0.002812386        101.1174            2                   
	24        0.2668543           134.0906            1                   
	26        -0.05614662         44.22891            1                   
	28        0.01852036          46.1044             1                   
	29        -0.02416706         92.63319            3                   
	30        0.2454586           102.7033            2                   
	32        -0.04558372         43.01442            1                   
	33        0.2452707           115.0951            1                   
	34        0.2452507           102.5711            2                   
	35        0.2558956           162.7395            1                   
	36        -0.01377106         101.0919            2                   
	37        0.2665415           134.2187            1                   
	39        0.298521            163.7694            1                   
	40        -0.00318718         101.1129            2                   
	41        -0.02452087         92.97385            3                   
	43        0.2558126           162.8307            1                   
	44        0.2558126           134.5453            1                   
	45        0.2451458           102.2839            2                   
	46        0.2664795           134.8825            1                   
	47        -0.04585266         67.2468             1                   
	48        -0.01385307         100.9865            2                   
	51        -0.04585266         70.29505            1                   
	52        -0.01385307         100.7834            2                   
	53        -0.03516579         67.92233            1                   
	54        -0.01383209         100.7757            2                   
	55        0.2558765           119.0153            1                   
	56        0.2772293           153.5579            1                   
	57        0.2452717           102.2736            2                   
	58        -0.04572868         65.29289            1                   
	59        0.2559376           123.9461            1                   
	60        -0.01372719         103.7019            2                   
	61        -0.0243969          97.95063            2                   
	62        0.2452717           164.3237            1                   
	63        0.2452488           99.87858            2                   
	64        0.2666035           137.6766            1                   
	65        0.2452927           162.4968            1                   
	66        0.2559586           98.98763            2                   
	67        0.2346458           135.5032            1                   
	69        0.2454987           105.3488            1                   
	70        -1                  -1                  -1                  
	68        -1                  -1                  0                   
	72        -1                  -1                  -1                  
	73        0.008041382         131.9602            1                   
	75        -0.4156475          67.30215            1                   
	76        -0.002664566        122.906             1                   
	74        -1                  -1                  0                   
	77        -1                  -1                  -1                  
	79        -0.01333618         77.71668            2                   
	80        -1                  -1                  -1                  
	78        -1                  -1                  0                   
	82        -0.298336           67.96531            1                   
	81        -0.02400208         77.70952            2                   
	85        0.2776451           97.96548            2                   
	84        0.4269791           89.72633            3                   
	92        0.3734779           83.2353             2                   
	93        0.2666893           134.1696            1                   
	94        -0.002937317        86.67277            3                   
	95        0.2560425           147.0246            1                   
	96        0.2667084           105.8707            1                   
	100       -0.03500366         93.8813             3                   
	101       0.07166672          87.17246            3                   
	103       0.0929985           75.38698            2                   
	105       0.3946686           102.2658            2                   
	106       0.362648            74.92059            1                   
	108       -1                  -1                  0                   
	110       -1                  -1                  0                   
	SongName = C:\Users\edbod\Music\ITZY _WANNABE_ Performance Video (320 kbps).mp3
	MaxCombos = 48
	Score = 630019

	index     delay               angle               category            
	--------- ------------------- ------------------- ------------------- 
	0         -0.06668758         69.61462            1                   
	1         -0.0668335          68.46922            1                   
	3         0.2240419           117.186             1                   
	4         -0.03487492         92.65236            3                   
	5         -1                  -1                  -1                  
	6         -0.4155827          64.24236            1                   
	7         -0.04531288         57.27257            1                   
	8         -0.04533386         64.91656            1                   
	9         -1                  -1                  -1                  
	12        -0.07768631         59.53793            1                   
	14        0.07164764          65.06908            1                   
	17        0.1920013           65.06115            1                   
	19        -0.06702042         77.78577            2                   
	21        -0.05633163         70.12794            1                   
	22        -0.04566574         70.56196            1                   
	23        -0.04566574         67.11765            1                   
	24        0.2133541           91.34093            3                   
	27        -0.01364517         104.2682            2                   
	28        0.2347069           102.2721            2                   
	29        -0.06695747         65.15388            1                   
	30        0.2347069           104.1754            2                   
	32        -0.04562759         112.7798            1                   
	33        -0.05629349         74.83067            1                   
	35        0.224041            104.1616            2                   
	37        0.2347069           110.1616            1                   
	38        0.2453728           74.15376            1                   
	40        -0.05631256         53.85148            1                   
	41        0.2240219           83.69443            2                   
	44        -0.02435303         128.9655            1                   
	46        -0.04565048         93.5524             3                   
	48        -0.06700134         68.90159            1                   
	49        0.2026901           81.74408            2                   
	50        0.2026863           92.12788            3                   
	51        -0.03498077         112.7048            1                   
	52        -0.04564667         111.0383            1                   
	54        -0.03498077         113.1494            1                   
	55        -0.03498077         115.6154            1                   
	57        -0.04564667         115.7015            1                   
	58        0.3840218           73.50292            1                   
	60        -0.02431488         110.5754            1                   
	61        -0.03498077         112.4194            1                   
	62        -0.02430725         123.2426            1                   
	63        -0.03498077         107.9911            1                   
	65        0.2346878           114.0646            1                   
	68        0.1599731           32.72018            1                   
	70        0.1599808           43.62053            1                   
	71        -0.03501129         106.7562            1                   
	72        0.4159775           110.8479            1                   
	74        0.234642            108.0093            1                   
	75        -0.01366425         98.64106            2                   
	76        0.2239838           105.8354            1                   
	78        0.2133331           110.1138            1                   
	80        -0.04566956         85.25869            2                   
	82        -0.04566193         77.35592            2                   
	83        0.223999            105.4715            1                   
	86        0.2026672           74.55945            1                   
	88        0.3519974           117.1969            1                   
	89        -1                  -1                  0                   
	91        0.2133331           91.99158            3                   
	92        0.1919937           76.1764             2                   
	93        -0.03499603         106.7043            1                   
	94        0.2027054           79.89055            2                   
	96        -0.02429199         91.04395            3                   
	97        -0.003105164        85.17892            2                   
	98        -0.01377106         86.96598            3                   
	99        -1                  -1                  0                   
	102       -1                  -1                  0                   
	106       -1                  -1                  0                   
	109       -1                  -1                  0                   
	113       -1                  -1                  0                   
	116       -1                  -1                  0                   
	119       -1                  -1                  0                   
	SongName = C:\Users\edbod\Music\ITZY _WANNABE_ Performance Video (320 kbps).mp3
	MaxCombos = 18
	Score = 651895

	index     delay               angle               category            
	--------- ------------------- ------------------- ------------------- 
	0         -0.002979279        98.28046            2                   
	1         0.3520209           101.5728            2                   
	2         0.2666667           119.7492            1                   
	5         -0.003020763        124.3519            1                   
	7         -0.02437496         94.47609            2                   
	6         0.4266458           108.0358            1                   
	9         -0.003020763        115.7544            1                   
	10        0.4266667           84.18446            2                   
	12        0.2026668           73.68884            1                   
	17        -0.02435398         90.48682            3                   
	13        -1                  -1                  0                   
	15        -1                  -1                  0                   
	21        0.3733125           93.54807            3                   
	23        0.3626456           148.3215            1                   
	24        0.3306456           85.98418            2                   
	26        0.3199787           98.13044            2                   
	27        0.2559795           149.7473            1                   
	28        0.3519793           85.74229            2                   
	29        0.2666454           107.6223            1                   
	30        -0.003000259        87.67638            3                   
	34        -0.003000259        87.34662            3                   
	35        0.2559786           105.5815            1                   
	33        -1                  -1                  0                   
	36        -0.01368809         121.5171            1                   
	37        -0.003042221        96.13138            2                   
	39        0.09297943          105.2238            1                   
	40        -0.02435398         93.3149             3                   
	38        -1                  -1                  0                   
	42        0.01831245          69.36497            1                   
	43        0.07164574          95.30287            2                   
	44        0.2559795           96.98481            2                   
	45        0.3946247           95.98381            2                   
	46        0.2453136           145.8445            1                   
	47        -0.003019333        89.2751             3                   
	49        0.2559795           99.91683            2                   
	51        -0.002998352        89.44557            3                   
	52        0.3626671           102.3249            2                   
	50        -1                  -1                  0                   
	54        0.1356678           103.1181            2                   
	55        0.2560005           144.4106            1                   
	56        0.2773342           91.80747            3                   
	57        -0.02431107         107.2737            1                   
	58        0.2453327           144.7531            1                   
	60        -0.01364326         82.81592            2                   
	61        0.2666874           101.199             2                   
	59        -1                  -1                  0                   
	63        0.2453537           147.2884            1                   
	65        0.2453346           105.2256            1                   
	66        -0.01368523         94.37222            2                   
	64        -1                  -1                  0                   
	68        0.050354            95.78124            2                   
	69        0.2453117           155.2101            1                   
	67        -1                  -1                  0                   
	70        -0.003019333        86.25745            3                   
	71        0.05033493          93.19505            3                   
	72        -0.03499985         55.20891            1                   
	74        -0.03502083         101.5208            2                   
	75        -0.02435493         82.69184            2                   
	73        -1                  -1                  0                   
	76        0.4586678           123.8986            1                   
	77        -0.02435303         93.30605            3                   
	78        -0.03502083         108.5536            1                   
	79        -0.03502274         91.54028            3                   
	80        0.2666473           119.3435            1                   
	81        -0.02435684         107.6423            1                   
	82        0.2559776           161.8807            1                   
	83        0.2453156           121.1175            1                   
	84        -0.01369095         107.3806            1                   
	87        0.2559776           160.5673            1                   
	91        -0.00302124         121.5332            1                   
	90        0.1143112           103.5005            2                   
	93        0.373291            108.7517            1                   
	94        0.2879601           88.73885            3                   
	95        0.2560005           146.808             1                   
	97        -0.02433395         107.9107            1                   
	96        0.2666664           85.56303            2                   
	103       -0.03502274         110.3776            1                   
	100       -1                  -1                  0                   
	SongName = C:\Users\edbod\Music\ITZY _WANNABE_ Performance Video (320 kbps).mp3
	MaxCombos = 15
	Score = 589146

	index     delay               angle               category            
	--------- ------------------- ------------------- ------------------- 
	0         0.2453126           128.7864            1                   
	1         0.2453126           80.72028            2                   
	2         -0.0243752          118.8576            1                   
	5         -0.04564595         92.1534             3                   
	7         -0.06697917         49.39522            1                   
	6         0.3626873           131.4724            1                   
	10        -0.03504133         116.3426            1                   
	9         0.373292            122.8285            1                   
	11        -0.04570818         44.96432            1                   
	15        -0.04570818         86.41687            3                   
	16        0.3306251           144.6905            1                   
	14        -1                  -1                  0                   
	20        -0.03499985         116.8743            1                   
	21        -0.024333           86.68612            3                   
	25        -0.024333           113.5076            1                   
	22        -1                  -1                  0                   
	26        0.2559996           123.7479            1                   
	27        0.007666588         111.986             1                   
	30        0.2453337           109.5674            1                   
	31        0.3200006           150.0337            1                   
	29        -1                  -1                  0                   
	34        0.2453337           112.2326            1                   
	35        -0.0350008          113.8841            1                   
	36        0.2559996           121.7553            1                   
	38        -0.02435398         114.6352            1                   
	37        0.2453127           111.1913            1                   
	40        -0.024333           140.0793            1                   
	41        0.4160213           91.65327            3                   
	42        -1                  -1                  0                   
	45        -0.373312           55.6067             1                   
	44        0.298687            99.16125            2                   
	46        0.2453537           100.7035            2                   
	48        -0.05629158         92.21761            3                   
	51        -0.2452908          57.23039            1                   
	47        -1                  -1                  0                   
	53        -0.3626041          53.0084             1                   
	52        0.2347088           105.0834            1                   
	54        0.007791519         136.9063            1                   
	55        -1                  -1                  -1                  
	56        -0.034832           98.67591            2                   
	57        0.288105            143.4499            1                   
	58        0.224062            156.6437            1                   
	59        -0.03504181         90.74652            3                   
	60        0.2346458           101.5649            2                   
	61        0.2453117           139.8872            1                   
	63        0.2666664           118.9417            1                   
	64        0.2453327           133.7613            1                   
	62        -1                  -1                  0                   
	65        -0.003019333        94.16903            2                   
	66        0.07162666          94.66365            2                   
	67        -0.03504181         114.6399            1                   
	69        -0.04568672         97.18384            2                   
	70        0.2452717           145.7473            1                   
	68        -1                  -1                  0                   
	71        0.4693336           95.61541            2                   
	73        0.2346668           143.5275            1                   
	74        0.2346249           105.5577            1                   
	75        0.2452908           114.8722            1                   
	76        0.2453537           140.3782            1                   
	77        -0.02427101         80.9459             2                   
	78        -0.0349369          68.31641            1                   
	79        -0.03498077         113.3922            1                   
	80        -0.04562378         72.7298             1                   
	81        -0.02435684         112.6057            1                   
	82        0.2560196           107.4715            1                   
	83        -0.04566574         62.37136            1                   
	84        0.4053345           122.0067            1                   
	89        0.08233261          107.3755            1                   
	92        0.373291            155.2242            1                   
	87        -1                  -1                  0                   
	93        0.3306046           102.791             2                   
	94        0.2453346           145.3185            1                   
	95        -0.03502274         86.30457            3                   
	96        0.2666435           127.895             1                   
	97        0.2666435           89.9471             3                   
	100       0.3626022           93.36555            3                   
	101       0.1356049           85.35527            2                   
	102       0.223999            133.8679            1                   
	104       0.01828766          101.7378            2                   
	105       0.3946037           144.0166            1                   
	106       -0.03508377         120.6567            1                   
	108       -0.03499985         95.24912            2                   
	109       -0.003002167        83.92458            2                   
	107       -1                  -1                  0                   
	SongName = C:\Users\edbod\Music\Selena Gomez, Marshmello - Wolves (320 kbps).mp3
	MaxCombos = 14
	Score = 137063

	index     delay               angle               category            
	--------- ------------------- ------------------- ------------------- 
	0         -0.02466679         93.19183            3                   
	1         -0.03552103         112.6778            1                   
	3         0.2552295           110.8314            1                   
	4         -1                  -1                  0                   
	7         -0.003666878        74.91571            1                   
	8         -0.01422882         111.0395            1                   
	9         -0.02499771         69.02909            1                   
	10        -0.01435471         114.9305            1                   
	12        -0.003705978        114.7546            1                   
	14        -0.04631233         70.16177            1                   
	15        -0.04647827         61.68367            1                   
	17        0.255167            111.7815            1                   
	19        -0.02514648         118.6886            1                   
	20        -0.01443863         68.70709            1                   
	22        -0.003795624        123.2654            1                   
	24        0.2443733           89.44559            3                   
	25        -0.02541733         78.43379            2                   
	27        -1                  -1                  0                   
	29        0.265564            108.2075            1                   
	31        0.2442703           99.37856            2                   
	32        0.265583            95.56833            2                   
	34        0.05993652          140.156             1                   
	35        0.2228737           72.8205             1                   
	39        0.2762947           134.9948            1                   
	41        -0.01470947         150.8532            1                   
	43        -0.02539825         81.51246            2                   
	44        -0.01478958         74.48843            1                   
	46        -1                  -1                  0                   
	48        0.2547493           93.77398            3                   
	50        0.2655869           122.304             1                   
	52        -1                  -1                  0                   
	54        -0.01458359         140.6549            1                   
	55        -0.01462555         83.18305            2                   
	57        -0.02531433         76.70525            2                   
	59        -0.04666138         69.51205            1                   
	60        -0.02547455         75.2158             2                   
	62        -1                  -1                  0                   
	65        0.2761078           132.0862            1                   
	66        -0.02549744         67.46218            1                   
	67        -1                  -1                  0                   
	73        0.2655792           138.7168            1                   
	74        -0.02535248         62.04249            1                   
	76        0.2229156           86.66516            3                   
	77        0.265625            133.6771            1                   
	79        0.2335815           82.12922            2                   
	80        0.2867661           142.4183            1                   
	81        -0.02549744         167.4562            1                   
	85        -0.02524567         73.7149             1                   
	86        -0.04675293         66.8177             1                   
	89        -0.04664612         60.29641            1                   
	90        0.2443161           114.7839            1                   
	93        0.6496811           156.4013            1                   
	95        0.6496429           119.14              1                   
	97        0.3587494           67.07577            1                   
	99        -1                  -1                  0                   
	103       0.358696            67.58005            1                   
	105       -1                  -1                  0                   
	108       -1                  -1                  0                   
	110       -1                  -1                  0                   
	SongName = C:\Users\edbod\Music\菊次郎の夏 Summer - Joe Hisaishi (320 kbps).mp3
	MaxCombos = 9
	Score = 68786

	index     delay               angle               category            
	--------- ------------------- ------------------- ------------------- 
	0         0.2451042           130.8329            1                   
	1         0.2450418           138.5496            1                   
	4         0.2238126           119.6586            1                   
	8         -0.02462482         80.52595            2                   
	10        0.2450619           116.1599            1                   
	11        0.2450838           144.9993            1                   
	15        -1                  -1                  0                   
	18        -0.06729126         76.61698            2                   
	19        0.2449789           146.2602            1                   
	20        -1                  -1                  0                   
	22        0.02877045          63.68555            1                   
	25        0.2344379           131.1617            1                   
	28        -0.04583359         83.64941            2                   
	29        0.2450199           137.2804            1                   
	31        -0.05656052         58.1879             1                   
	33        -0.04593658         69.61419            1                   
	35        0.2237072           119.5576            1                   
	37        -0.04595757         71.12207            1                   
	41        -1                  -1                  0                   
	43        0.1139793           59.48508            1                   
	45        -1                  -1                  0                   
	48        -0.03531265         149.4635            1                   
	50        -1                  -1                  0                   
	53        0.2449989           125.6001            1                   
	57        -1                  -1                  0                   
	60        -0.02445984         128.609             1                   
	62        -1                  -1                  0                   
	63        0.0821228           126.1759            1                   
	66        0.2558136           128.385             1                   
	68        -0.03519058         129.3018            1                   
	72        0.234581            140.6317            1                   
	74        0.2557526           114.3684            1                   
	75        -0.02441788         75.38068            2                   
	77        -1                  -1                  0                   
	80        0.2558746           140.6391            1                   
	82        -0.01385498         149.6661            1                   
	83        -0.02443695         69.85923            1                   
	85        -0.02441406         154.7482            1                   
	87        0.2345657           149.9424            1                   
	88        -0.04574585         130.693             1                   
	91        0.2452927           150.9592            1                   
	93        -0.03516388         152.4465            1                   
	97        -0.0351181          69.58035            1                   
	98        -1                  -1                  0                   
	102       -0.03514099         62.38769            1                   
	103       0.3730621           110.4235            1                   
	106       -0.04582977         73.23573            1                   
	107       0.2343979           120.981             1                   
	108       -0.04582977         58.80561            1                   
	109       -1                  -1                  0                   
	SongName = C:\Users\edbod\Music\8-bit_Aggressive1.mp3
	MaxCombos = 3
	Score = 0
	3         0.07811332          101.5617            2                   
	2         -1                  -1                  0                   
	4         -1                  -1                  0                   
	6         0.2793427           132.8765            1                   
	6         0.2793427           76.68813            2                   
	5         -1                  -1                  0                   
	8         0.3275285           92.68087            3                   
	7         -1                  -1                  0                   
	9         0.2768931           56.2392             1                   
	11        -1                  -1                  -1                  
	10        -1                  -1                  0                   
	12        -1                  -1                  0                   
	13        0.3363943           91.04338            3                   
	13        0.3363943           155.7759            1                   
	15        0.1004496           120.2456            1                   
	14        -1                  -1                  0                   
	17        0.3244896           76.50482            2                   
	16        -1                  -1                  0                   
	18        -1                  -1                  0                   
	SongName = C:\Users\edbod\Music\8-bit_Aggressive1.mp3
	MaxCombos = 5
	Score = 0
	2         -1                  -1                  0                   
	3         -1                  -1                  0                   
	5         0.3337641           107.7863            1                   
	4         -1                  -1                  0                   
	6         0.121356            61.18906            1                   
	7         0.09493876          66.46306            1                   
	8         0.08419037          84.45151            2                   
	10        0.1373196           74.12794            1                   
	11        0.3366666           111.8606            1                   
	9         -1                  -1                  0                   
	12        -1                  -1                  0                   
	13        0.3577099           47.79091            1                   
	13        0.3577099           54.9805             1                   
	16        0.3622227           66.21864            1                   
	14        -1                  -1                  0                   
	15        -1                  -1                  0                   
	17        0.1451426           123.6226            1                   
	18        0.322154            72.17484            1                   
	19        0.1185894           75.63177            2                   
	20        -1                  -1                  -1                  
	21        0.3453741           106.5979            1                   
	23        0.02877045          51.25988            1                   
	24        0.2689114           27.42676            1                   
	22        -1                  -1                  0                   
	26        0.08956432          42.3951             1                   
	25        -1                  -1                  0                   
	SongName = C:\Users\edbod\Music\8-bit_Aggressive1.mp3
	MaxCombos = 23
	Score = 369679

	index     delay               angle               category            
	--------- ------------------- ------------------- ------------------- 
	0         -0.03947163         65.0732             1                   
	1         0.07295465          130.323             1                   
	3         -0.02137637         85.49403            2                   
	4         0.2741041           105.1815            1                   
	5         0.3193874           124.2023            1                   
	8         -0.01870155         93.26515            3                   
	11        0.2579365           112.6137            1                   
	13        -0.03099155         72.55774            1                   
	15        0.3786392           103.49              2                   
	17        0.2546034           121.052             1                   
	19        0.128397            126.3102            1                   
	20        -0.01958275         65.75488            1                   
	22        0.2358055           95.68232            2                   
	23        0.2468491           107.437             1                   
	25        -0.02436829         57.03821            1                   
	26        0.04542732          54.86512            1                   
	27        -0.02892685         87.14439            3                   
	28        0.2537422           159.3303            1                   
	29        0.2336979           97.01879            2                   
	30        0.08626747          51.19381            1                   
	32        -1                  -1                  0                   
	35        0.2531548           112.0036            1                   
	36        0.2544212           152.5567            1                   
	37        -0.03525543         61.10027            1                   
	38        0.03261566          61.00043            1                   
	39        0.2496376           109.1184            1                   
	40        0.1021843           79.53848            2                   
	41        0.2554855           109.9696            1                   
	43        -0.02892685         62.42601            1                   
	45        0.08542633          68.30482            1                   
	46        0.2583923           110.7268            1                   
	48        -0.02505112         57.99727            1                   
	50        0.2430153           109.4976            1                   
	52        0.07231903          61.93091            1                   
	55        -0.01768112         57.50024            1                   
	56        0.2498665           139.0238            1                   
	57        0.2482758           111.4451            1                   
	58        0.2494774           146.7312            1                   
	59        0.2329941           151.254             1                   
	61        -0.02622986         71.3028             1                   
	63        0.2631493           138.644             1                   
	66        -0.02071381         70.33335            1                   
	67        -0.01883698         71.45872            1                   
	69        -0.006813049        87.45886            3                   
	70        -1                  -1                  0                   
	73        -0.00869751         78.96056            2                   
	74        0.2622604           125.8872            1                   
	76        0.2481384           111.4154            1                   
	77        0.2591629           151.8041            1                   
	78        0.1446304           99.35487            2                   
	79        0.06348419          77.2296             2                   
	81        -0.0166626          81.88357            2                   
	82        -0.01534271         64.12505            1                   
	83        -0.04514313         76.67869            2                   
	84        -1                  -1                  0                   
	87        0.2640381           150.6749            1                   
	89        0.2226257           142.5966            1                   
	91        0.2026291           87.25823            3                   
	92        -0.001686096        109.7861            1                   
	94        -0.05041504         58.26515            1                   
	96        0.2590027           151.0492            1                   
	98        0.2534409           143.8977            1                   
	100       -0.02046967         62.7509             1                   
	102       0.2411728           159.4044            1                   
	103       -0.01450348         128.5852            1                   
	105       -0.03346252         82.44535            2                   
	107       0.2548752           168.1101            1                   
	109       -0.05026245         95.64686            2                   
	111       -0.05342102         58.84843            1                   
	114       -0.03504181         59.69141            1                   
	116       -0.4290237          67.99761            1                   
	117       -0.03248596         59.28022            1                   
	118       -0.03123474         84.18778            2                   
	SongName = C:\Users\edbod\Music\8-bit_Aggressive1.mp3
	MaxCombos = 23
	Score = 369679

	index     delay               angle               category            
	--------- ------------------- ------------------- ------------------- 
	0         -0.03947163         65.0732             1                   
	1         0.07295465          130.323             1                   
	3         -0.02137637         85.49403            2                   
	4         0.2741041           105.1815            1                   
	5         0.3193874           124.2023            1                   
	8         -0.01870155         93.26515            3                   
	11        0.2579365           112.6137            1                   
	13        -0.03099155         72.55774            1                   
	15        0.3786392           103.49              2                   
	17        0.2546034           121.052             1                   
	19        0.128397            126.3102            1                   
	20        -0.01958275         65.75488            1                   
	22        0.2358055           95.68232            2                   
	23        0.2468491           107.437             1                   
	25        -0.02436829         57.03821            1                   
	26        0.04542732          54.86512            1                   
	27        -0.02892685         87.14439            3                   
	28        0.2537422           159.3303            1                   
	29        0.2336979           97.01879            2                   
	30        0.08626747          51.19381            1                   
	32        -1                  -1                  0                   
	35        0.2531548           112.0036            1                   
	36        0.2544212           152.5567            1                   
	37        -0.03525543         61.10027            1                   
	38        0.03261566          61.00043            1                   
	39        0.2496376           109.1184            1                   
	40        0.1021843           79.53848            2                   
	41        0.2554855           109.9696            1                   
	43        -0.02892685         62.42601            1                   
	45        0.08542633          68.30482            1                   
	46        0.2583923           110.7268            1                   
	48        -0.02505112         57.99727            1                   
	50        0.2430153           109.4976            1                   
	52        0.07231903          61.93091            1                   
	55        -0.01768112         57.50024            1                   
	56        0.2498665           139.0238            1                   
	57        0.2482758           111.4451            1                   
	58        0.2494774           146.7312            1                   
	59        0.2329941           151.254             1                   
	61        -0.02622986         71.3028             1                   
	63        0.2631493           138.644             1                   
	66        -0.02071381         70.33335            1                   
	67        -0.01883698         71.45872            1                   
	69        -0.006813049        87.45886            3                   
	70        -1                  -1                  0                   
	73        -0.00869751         78.96056            2                   
	74        0.2622604           125.8872            1                   
	76        0.2481384           111.4154            1                   
	77        0.2591629           151.8041            1                   
	78        0.1446304           99.35487            2                   
	79        0.06348419          77.2296             2                   
	81        -0.0166626          81.88357            2                   
	82        -0.01534271         64.12505            1                   
	83        -0.04514313         76.67869            2                   
	84        -1                  -1                  0                   
	87        0.2640381           150.6749            1                   
	89        0.2226257           142.5966            1                   
	91        0.2026291           87.25823            3                   
	92        -0.001686096        109.7861            1                   
	94        -0.05041504         58.26515            1                   
	96        0.2590027           151.0492            1                   
	98        0.2534409           143.8977            1                   
	100       -0.02046967         62.7509             1                   
	102       0.2411728           159.4044            1                   
	103       -0.01450348         128.5852            1                   
	105       -0.03346252         82.44535            2                   
	107       0.2548752           168.1101            1                   
	109       -0.05026245         95.64686            2                   
	111       -0.05342102         58.84843            1                   
	114       -0.03504181         59.69141            1                   
	116       -0.4290237          67.99761            1                   
	117       -0.03248596         59.28022            1                   
	118       -0.03123474         84.18778            2                   
	SongName = C:\Users\edbod\Music\8-bit_Aggressive1.mp3
	MaxCombos = 10
	Score = 34331

	index     delay               angle               category            
	--------- ------------------- ------------------- ------------------- 
	0         -0.004353762        79.25043            2                   
	1         -0.182873           88.6862             3                   
	3         -0.2132132          53.71573            1                   
	4         0.01827669          83.9127             2                   
	5         -0.2274313          53.68456            1                   
	8         -0.2106056          57.43446            1                   
	11        -0.2035542          63.0533             1                   
	13        -0.2444382          15.90352            1                   
	15        0.01603127          106.814             1                   
	16        -0.1870003          72.53511            1                   
	17        -1                  -1                  0                   
	20        -1                  -1                  0                   
	22        -1                  -1                  0                   
	24        -1                  -1                  0                   
	26        -1                  -1                  0                   
	28        0.04052162          119.0236            1                   
	29        -1                  -1                  0                   
	32        -1                  -1                  0                   
	35        0.03970718          29.93981            1                   
	36        -1                  -1                  0                   
	38        -1                  -1                  0                   
	40        -1                  -1                  0                   
	SongName = C:\Users\edbod\Music\周杰倫 Jay Chou【稻香 Rice Field】-Official Music Video (320 kbps).mp3
	MaxCombos = 11
	Score = 0
	1         0.2346668           79.14149            2                   
	0         0.7913332           98.87466            2                   
	2         0.03399992          54.17836            1                   
	3         0.02333307          52.98917            1                   
	4         0.001999855         72.85818            1                   
	5         0.01266623          49.62292            1                   
	6         0.2346668           75.2894             2                   
	7         0.0126667           47.06415            1                   
	8         0.0126667           9.899384            1                   
	9         0.2026663           89.33971            3                   
	10        0.02333355          84.60025            2                   
	11        -1                  -1                  0                   
	13        0.03399944          102.9757            2                   
	12        -1                  -1                  0                   
	14        0.2240009           71.40585            1                   
	15        -1                  -1                  0                   
	16        0.2666664           111.9159            1                   
	16        0.2666664           127.3696            1                   
	17        0.2240009           48.64221            1                   
	18        0.2346668           103.2593            2                   
	19        0.2133331           62.42567            1                   
	20        0.2346668           97.85845            2                   
	21        -1                  -1                  0                   
	22        -1                  -1                  -1                  
	23        0.0340004           28.57506            1                   
	24        -1                  -1                  0                   
	25        0.0340004           55.13451            1                   
	26        -1                  -1                  0                   
	28        0.298666            101.249             2                   
	28        0.298666            125.7701            1                   
	27        -1                  -1                  0                   
	29        0.2346668           95.082              2                   
	30        0.2453346           105.8878            1                   
	31        0.223999            76.74055            2                   
	32        0.08733368          95.86494            2                   
	34        -1                  -1                  -1                  
	33        -1                  -1                  0                   
