	SongName = orchestral_mission
	MaxCombos = 3
	Score = 6812

	index     delay               angle               category            
	--------- ------------------- ------------------- ------------------- 
	0         0.06181407          158.0927            1                   
	4         -1                  -1                  0                   
	7         -1                  -1                  0                   
	10        -1                  -1                  0                   
	14        0.09160995          113.2363            1                   
	15        0.09285736          116.9154            1                   
	17        -0.1523285          91.52547            3                   
	18        -1                  -1                  0                   
	20        0.04634857          136.7841            1                   
	21        -1                  -1                  0                   
	23        -1                  -1                  0                   
	25        -0.1820774          72.10608            1                   
	26        -1                  -1                  0                   
	29        0.08566856          136.8875            1                   
	30        0.1080494           97.06139            2                   
	31        -1                  -1                  0                   
	33        0.08952332          75.28755            2                   
	34        -1                  -1                  0                   
	35        -1                  -1                  0                   
	SongName = orchestral_mission
	MaxCombos = 59
	Score = 1611464

	index     delay               angle               category            
	--------- ------------------- ------------------- ------------------- 
	0         0.01897955          132.52              1                   
	3         -0.126932           67.70966            1                   
	4         0.5495985           93.33716            3                   
	7         0.1152606           102.1592            2                   
	8         -0.1329188          68.3412             1                   
	10        -1                  -1                  -1                  
	13        -0.1234393          143.7124            1                   
	14        0.06947803          107.0318            1                   
	15        -0.1348238          115.1024            1                   
	17        0.09544182          116.3102            1                   
	18        0.06696129          110.8662            1                   
	19        -1                  -1                  0                   
	21        -1                  -1                  0                   
	23        -1                  -1                  0                   
	25        -0.1400375          119.5571            1                   
	26        -0.1292439          149.0807            1                   
	28        0.01691628          63.57495            1                   
	29        -1                  -1                  0                   
	31        0.06678009          115.6294            1                   
	32        0.5339298           109.8052            1                   
	34        0.07281303          114.4397            1                   
	35        0.03959274          103.2102            2                   
	37        -0.1679764          75.06348            2                   
	38        0.0484581           121.4906            1                   
	39        -0.149971           79.90552            2                   
	41        0.06573868          117.8944            1                   
	42        -0.178112           75.57737            2                   
	43        0.0595932           103.3161            2                   
	44        -0.1372719          82.85876            2                   
	45        -0.007816315        93.64691            3                   
	46        0.04417038          93.13092            3                   
	47        0.02945709          92.77838            3                   
	48        -0.1538277          74.98919            1                   
	49        0.0348053           87.18151            3                   
	50        0.04553223          89.98893            3                   
	51        -0.1580658          80.21733            2                   
	52        0.05208588          95.06582            2                   
	53        0.04469299          96.20744            2                   
	54        -0.2016258          52.27672            1                   
	56        0.05918503          115.313             1                   
	57        0.1678696           103.1839            2                   
	59        -0.1526031          84.18665            2                   
	60        -0.1380653          85.85001            2                   
	62        0.03390121          98.15789            2                   
	63        0.04465103          116.1528            1                   
	65        -0.1841583          81.52328            2                   
	66        -0.149353           69.24069            1                   
	67        -0.1476288          67.04816            1                   
	68        0.05537415          131.2129            1                   
	70        0.02800751          88.77898            3                   
	73        0.03803253          94.11809            2                   
	74        -0.1810074          69.35629            1                   
	75        -0.1552277          68.98521            1                   
	76        -0.1318512          121.621             1                   
	77        0.014328            97.04757            2                   
	79        -0.1736603          70.11076            1                   
	80        0.03655243          130.7792            1                   
	81        -0.1576309          69.4406             1                   
	82        -0.1504211          98.08075            2                   
	84        -0.1530304          78.07557            2                   
	85        0.05741882          136.184             1                   
	86        0.07126617          137.9917            1                   
	87        -0.03193665         122.0898            1                   
	88        0.03514862          112.6782            1                   
	89        -0.205162           72.08717            1                   
	92        -0.03300476         68.00877            1                   
	95        -0.04666138         84.02262            2                   
	96        -0.1925125          53.16639            1                   
	100       0.06904602          123.7584            1                   
	103       0.05332947          136.8923            1                   
	104       -0.1626205          61.95263            1                   
	107       -0.1743851          66.88837            1                   
	112       0.06872559          141.0487            1                   
	113       0.1426544           137.5116            1                   
	114       -0.2088547          26.63556            1                   
	117       -0.1703796          116.3628            1                   
	120       -0.1470184          143.9695            1                   
	122       -1                  -1                  0                   
	126       -0.1543274          138.683             1                   
	130       0.07183838          131.2262            1                   
	132       0.05863953          154.7975            1                   
	135       -0.1498108          74.89029            1                   
	136       -0.1736145          52.54674            1                   
	139       -0.08277893         117.3801            1                   
	140       -0.1692886          122.259             1                   
	141       -1                  -1                  0                   
	144       0.05773163          142.7205            1                   
	147       -0.1550674          113.2845            1                   
	149       -0.170311           59.03058            1                   
	151       -0.1844025          18.17431            1                   
	153       0.01246643          133.3846            1                   
	154       -0.2010345          36.47324            1                   
	155       -0.147644           118.0676            1                   
	156       -1                  -1                  0                   
	158       -0.1698151          39.18268            1                   
	159       0.0770874           148.0816            1                   
	161       0.05036926          144.7299            1                   
	162       0.1009979           144.6299            1                   
	164       -0.1620789          59.73023            1                   
	165       -0.04978943         125.216             1                   
	166       -0.1542969          106.5166            1                   
	168       0.06166077          132.5767            1                   
	169       -0.1451263          104.7308            2                   
	171       -0.1619568          110.6897            1                   
	172       -0.1326294          130.022             1                   
	173       -0.1421661          100.8556            2                   
	175       0.0448761           110.5054            1                   
	176       -0.1431122          113.1837            1                   
	178       -0.1306152          124.8195            1                   
	179       -0.1656494          70.70957            1                   
	180       -0.1567383          77.00742            2                   
	181       0.05349731          89.10876            3                   
	182       0.07118225          88.36591            3                   
	183       0.06333923          127.4811            1                   
	184       -0.1199951          117.5734            1                   
	185       0.1363373           89.45096            3                   
	186       0.04389954          105.23              1                   
	187       0.1061554           87.7378             3                   
	188       0.0556488           85.35843            2                   
	191       -0.117981           125.0411            1                   
	192       -0.1383209          98.1407             2                   
	193       -0.1189423          117.116             1                   
	194       -0.1808929          76.42274            2                   
	196       0.06838989          117.8916            1                   
	197       -0.1265564          108.1298            1                   
	198       -0.1317291          134.6656            1                   
	199       0.07571411          117.8763            1                   
	200       0.04904175          103.3662            2                   
	201       0.06719971          121.4448            1                   
	202       -0.1136322          130.3827            1                   
	205       0.05662537          84.96181            2                   
	206       -0.1712341          80.55021            2                   
	207       -0.1481628          103.336             2                   
	209       0.043396            85.40962            2                   
	210       0.06639099          85.35329            2                   
	212       0.04884338          79.84641            2                   
	214       -0.1131592          117.2474            1                   
	215       -0.1504211          117.6593            1                   
	216       0.05973816          79.7663             2                   
	217       -0.1449432          113.7561            1                   
	218       0.05987549          77.57933            2                   
	219       -0.09237671         120.1952            1                   
	220       0.1968231           80.74455            2                   
	221       0.07609558          103.9425            2                   
	222       -1                  -1                  -1                  
	225       -0.09197998         127.1364            1                   
	SongName = orchestral_mission
	MaxCombos = 59
	Score = 1611464

	index     delay               angle               category            
	--------- ------------------- ------------------- ------------------- 
	0         0.01897955          132.52              1                   
	3         -0.126932           67.70966            1                   
	4         0.5495985           93.33716            3                   
	7         0.1152606           102.1592            2                   
	8         -0.1329188          68.3412             1                   
	10        -1                  -1                  -1                  
	13        -0.1234393          143.7124            1                   
	14        0.06947803          107.0318            1                   
	15        -0.1348238          115.1024            1                   
	17        0.09544182          116.3102            1                   
	18        0.06696129          110.8662            1                   
	19        -1                  -1                  0                   
	21        -1                  -1                  0                   
	23        -1                  -1                  0                   
	25        -0.1400375          119.5571            1                   
	26        -0.1292439          149.0807            1                   
	28        0.01691628          63.57495            1                   
	29        -1                  -1                  0                   
	31        0.06678009          115.6294            1                   
	32        0.5339298           109.8052            1                   
	34        0.07281303          114.4397            1                   
	35        0.03959274          103.2102            2                   
	37        -0.1679764          75.06348            2                   
	38        0.0484581           121.4906            1                   
	39        -0.149971           79.90552            2                   
	41        0.06573868          117.8944            1                   
	42        -0.178112           75.57737            2                   
	43        0.0595932           103.3161            2                   
	44        -0.1372719          82.85876            2                   
	45        -0.007816315        93.64691            3                   
	46        0.04417038          93.13092            3                   
	47        0.02945709          92.77838            3                   
	48        -0.1538277          74.98919            1                   
	49        0.0348053           87.18151            3                   
	50        0.04553223          89.98893            3                   
	51        -0.1580658          80.21733            2                   
	52        0.05208588          95.06582            2                   
	53        0.04469299          96.20744            2                   
	54        -0.2016258          52.27672            1                   
	56        0.05918503          115.313             1                   
	57        0.1678696           103.1839            2                   
	59        -0.1526031          84.18665            2                   
	60        -0.1380653          85.85001            2                   
	62        0.03390121          98.15789            2                   
	63        0.04465103          116.1528            1                   
	65        -0.1841583          81.52328            2                   
	66        -0.149353           69.24069            1                   
	67        -0.1476288          67.04816            1                   
	68        0.05537415          131.2129            1                   
	70        0.02800751          88.77898            3                   
	73        0.03803253          94.11809            2                   
	74        -0.1810074          69.35629            1                   
	75        -0.1552277          68.98521            1                   
	76        -0.1318512          121.621             1                   
	77        0.014328            97.04757            2                   
	79        -0.1736603          70.11076            1                   
	80        0.03655243          130.7792            1                   
	81        -0.1576309          69.4406             1                   
	82        -0.1504211          98.08075            2                   
	84        -0.1530304          78.07557            2                   
	85        0.05741882          136.184             1                   
	86        0.07126617          137.9917            1                   
	87        -0.03193665         122.0898            1                   
	88        0.03514862          112.6782            1                   
	89        -0.205162           72.08717            1                   
	92        -0.03300476         68.00877            1                   
	95        -0.04666138         84.02262            2                   
	96        -0.1925125          53.16639            1                   
	100       0.06904602          123.7584            1                   
	103       0.05332947          136.8923            1                   
	104       -0.1626205          61.95263            1                   
	107       -0.1743851          66.88837            1                   
	112       0.06872559          141.0487            1                   
	113       0.1426544           137.5116            1                   
	114       -0.2088547          26.63556            1                   
	117       -0.1703796          116.3628            1                   
	120       -0.1470184          143.9695            1                   
	122       -1                  -1                  0                   
	126       -0.1543274          138.683             1                   
	130       0.07183838          131.2262            1                   
	132       0.05863953          154.7975            1                   
	135       -0.1498108          74.89029            1                   
	136       -0.1736145          52.54674            1                   
	139       -0.08277893         117.3801            1                   
	140       -0.1692886          122.259             1                   
	141       -1                  -1                  0                   
	144       0.05773163          142.7205            1                   
	147       -0.1550674          113.2845            1                   
	149       -0.170311           59.03058            1                   
	151       -0.1844025          18.17431            1                   
	153       0.01246643          133.3846            1                   
	154       -0.2010345          36.47324            1                   
	155       -0.147644           118.0676            1                   
	156       -1                  -1                  0                   
	158       -0.1698151          39.18268            1                   
	159       0.0770874           148.0816            1                   
	161       0.05036926          144.7299            1                   
	162       0.1009979           144.6299            1                   
	164       -0.1620789          59.73023            1                   
	165       -0.04978943         125.216             1                   
	166       -0.1542969          106.5166            1                   
	168       0.06166077          132.5767            1                   
	169       -0.1451263          104.7308            2                   
	171       -0.1619568          110.6897            1                   
	172       -0.1326294          130.022             1                   
	173       -0.1421661          100.8556            2                   
	175       0.0448761           110.5054            1                   
	176       -0.1431122          113.1837            1                   
	178       -0.1306152          124.8195            1                   
	179       -0.1656494          70.70957            1                   
	180       -0.1567383          77.00742            2                   
	181       0.05349731          89.10876            3                   
	182       0.07118225          88.36591            3                   
	183       0.06333923          127.4811            1                   
	184       -0.1199951          117.5734            1                   
	185       0.1363373           89.45096            3                   
	186       0.04389954          105.23              1                   
	187       0.1061554           87.7378             3                   
	188       0.0556488           85.35843            2                   
	191       -0.117981           125.0411            1                   
	192       -0.1383209          98.1407             2                   
	193       -0.1189423          117.116             1                   
	194       -0.1808929          76.42274            2                   
	196       0.06838989          117.8916            1                   
	197       -0.1265564          108.1298            1                   
	198       -0.1317291          134.6656            1                   
	199       0.07571411          117.8763            1                   
	200       0.04904175          103.3662            2                   
	201       0.06719971          121.4448            1                   
	202       -0.1136322          130.3827            1                   
	205       0.05662537          84.96181            2                   
	206       -0.1712341          80.55021            2                   
	207       -0.1481628          103.336             2                   
	209       0.043396            85.40962            2                   
	210       0.06639099          85.35329            2                   
	212       0.04884338          79.84641            2                   
	214       -0.1131592          117.2474            1                   
	215       -0.1504211          117.6593            1                   
	216       0.05973816          79.7663             2                   
	217       -0.1449432          113.7561            1                   
	218       0.05987549          77.57933            2                   
	219       -0.09237671         120.1952            1                   
	220       0.1968231           80.74455            2                   
	221       0.07609558          103.9425            2                   
	222       -1                  -1                  -1                  
	225       -0.09197998         127.1364            1                   
	SongName = orchestral_mission
	MaxCombos = 5
	Score = 2782
	2         -0.1542858          38.63169            1                   
	3         0.02745581          58.56335            1                   
	4         -1                  -1                  -1                  
	5         0.295306            117.067             1                   
	6         0.1873469           26.44354            1                   
	8         -1                  -1                  -1                  
	7         -1                  -1                  0                   
	9         -0.008961201        40.6596             1                   
	10        0.2282767           56.13364            1                   
	12        -0.2204533          66.62261            1                   
	11        0.03412247          71.60765            1                   
	13        0.09507513          99.32586            2                   
	14        -1                  -1                  0                   
	15        0.2416096           127.1878            1                   
	16        -1                  -1                  -1                  
	17        0.3088207           70.23449            1                   
	18        -1                  -1                  -1                  
	19        0.09668541          80.73277            2                   
	20        -1                  -1                  -1                  
	21        0.2836952           133.3891            1                   
	22        0.2806568           118.6343            1                   
	23        -1                  -1                  0                   
	24        0.2532196           72.80943            1                   
	25        -1                  -1                  0                   
	27        -1                  -1                  -1                  
	SongName = orchestral_mission
	MaxCombos = 4
	Score = 0
	2         0.05038095          144.8045            1                   
	3         0.3134466           147.3073            1                   
	4         -1                  -1                  -1                  
	6         0.05067563          123.1562            1                   
	5         -1                  -1                  0                   
	7         -1                  -1                  0                   
	8         0.7681813           121.5859            1                   
	9         -1                  -1                  0                   
	10        0.3562589           55.22401            1                   
	11        0.2561226           110.6582            1                   
	12        0.227551            104.9634            2                   
	13        0.009746075         96.39052            2                   
	14        -1                  -1                  0                   
	16        -1                  -1                  -1                  
	15        -1                  -1                  0                   
	17        -1                  -1                  -1                  
	18        0.05836201          78.57529            2                   
	19        0.2760096           117.6415            1                   
	20        -1                  -1                  0                   
	21        0.1983681           127.2211            1                   
	22        -1                  -1                  0                   
	SongName = orchestral_mission
	MaxCombos = 9
	Score = 26825
	2         0.1657143           162.881             1                   
	4         1.811981E-05        94.19907            2                   
	3         -1                  -1                  0                   
	6         -1                  -1                  -1                  
	5         0.5213103           74.31724            1                   
	7         0.1153514           19.8268             1                   
	8         0.1795011           92.95094            3                   
	10        0.1856012           103.5398            2                   
	9         -1                  -1                  0                   
	11        -0.008530617        54.42015            1                   
	12        0.227551            128.3794            1                   
	13        0.1677551           161.859             1                   
	14        -0.003020287        42.40047            1                   
	16        -1                  -1                  -1                  
	15        -1                  -1                  0                   
	17        0.2234697           118.5463            1                   
	18        -0.09095764         24.83564            1                   
	19        0.169343            137.2946            1                   
	20        -1                  -1                  0                   
	21        0.01904297          119.4216            1                   
	22        0.01598167          77.90693            2                   
	23        0.1998196           173.1043            1                   
	24        0.18923             127.1449            1                   
	25        0.2150574           150.6467            1                   
	27        0.2320404           77.45055            2                   
	26        -1                  -1                  0                   
	28        -1                  -1                  0                   
	29        -0.03016281         51.93328            1                   
	30        0.6748486           141.9871            1                   
	31        0.01555061          127.8863            1                   
	32        -1                  -1                  0                   
	33        0.1957588           140.1253            1                   
	34        -0.04249763         52.02826            1                   
	35        -0.03306198         47.96867            1                   
	36        0.3326073           101.8878            2                   
	37        -0.07762146         26.6339             1                   
	38        -0.06687546         34.5784             1                   
	39        0.1837196           144.9257            1                   
	40        0.1980705           156.3521            1                   
	41        -0.006942749        35.76536            1                   
	42        -1                  -1                  0                   
	SongName = 8-bit_Aggressive1
	MaxCombos = 11
	Score = 90775

	index     delay               angle               category            
	--------- ------------------- ------------------- ------------------- 
	0         0.05832199          144.4329            1                   
	1         -0.2269093          20.72485            1                   
	2         0.01689339          104.2949            2                   
	3         -0.2043469          54.76432            1                   
	4         -0.1661611          130.882             1                   
	6         -0.2037802          99.93076            2                   
	5         -1                  -1                  0                   
	9         0.04222202          138.9074            1                   
	10        0.08190441          112.4391            1                   
	12        0.6320481           89.0341             3                   
	13        0.03746033          144.8295            1                   
	15        0.04483032          136.256             1                   
	17        0.1748524           111.8782            1                   
	16        0.4975805           137.5349            1                   
	19        0.1482534           129.7869            1                   
	20        0.1622896           147.4833            1                   
	21        0.02512455          106.5984            1                   
	23        -0.1684065          109.6006            1                   
	24        -1                  -1                  0                   
	25        -1                  -1                  0                   
	28        -0.167408           93.39254            3                   
	30        -0.1641197          42.07293            1                   
	31        0.4712563           73.10615            1                   
	32        -0.2055931          11.95698            1                   
	34        0.02281189          59.12227            1                   
	33        -1                  -1                  0                   
	36        0.05512619          167.1484            1                   
	37        0.03963852          146.2387            1                   
	38        0.5091915           83.65318            2                   
	39        -1                  -1                  -1                  
	41        0.04907036          127.7421            1                   
	42        0.05494308          150.4409            1                   
	43        0.5287361           79.41921            2                   
	45        -0.2134628          20.09544            1                   
	46        -0.1850262          103.8539            2                   
	47        0.2068253           94.28392            2                   
	48        -1                  -1                  0                   
	49        -0.189539           112.964             1                   
	51        0.02841187          151.4034            1                   
	53        -0.2431068          32.08807            1                   
	52        -1                  -1                  0                   
	54        0.03993225          153.6633            1                   
	55        -1                  -1                  0                   
	57        0.05823135          135.6272            1                   
	56        0.5183754           89.31905            3                   
	58        -1                  -1                  -1                  
	59        -1                  -1                  -1                  
	SongName = 8-bit_Aggressive1
	MaxCombos = 34
	Score = 724937

	index     delay               angle               category            
	--------- ------------------- ------------------- ------------------- 
	0         -0.1687007          110.1877            1                   
	1         -0.2269093          19.98814            1                   
	2         -0.1673855          123.3381            1                   
	4         -0.1234171          119.4794            1                   
	3         -1                  -1                  0                   
	7         -0.16607            71.07968            1                   
	6         -1                  -1                  0                   
	9         -0.1634631          67.04128            1                   
	10        0.06058931          103.4137            2                   
	11        -0.1037345          40.99491            1                   
	13        -0.1893358          76.92664            2                   
	14        0.07746029          133.5881            1                   
	16        -0.07817936         67.0149             1                   
	15        -1                  -1                  0                   
	19        0.06312847          107.8169            1                   
	18        -1                  -1                  0                   
	21        -0.2230101          31.27732            1                   
	20        -1                  -1                  0                   
	23        -0.1896763          19.65901            1                   
	24        -0.187068           87.01377            3                   
	25        -0.150198           81.96923            2                   
	26        -0.1380215          86.05146            3                   
	28        -0.1460247          133.19              1                   
	29        0.0567112           85.80653            2                   
	30        -0.3854885          49.66461            1                   
	32        -0.1844807          108.847             1                   
	33        -0.1554794          104.858             2                   
	35        0.04902649          87.50035            3                   
	36        0.2468262           94.70506            2                   
	38        0.05326462          83.62603            2                   
	39        -0.1892891          112.5052            1                   
	41        0.07009125          88.75263            3                   
	42        -0.1724415          106.9728            1                   
	45        -0.1924877          109.9418            1                   
	47        -0.1485405          112.3393            1                   
	49        0.03709793          87.7663             3                   
	51        0.04940796          87.1108             3                   
	53        -0.1717415          105.6179            1                   
	54        -0.1872253          108.5241            1                   
	56        0.06235886          76.89909            2                   
	58        0.02099609          77.57285            2                   
	59        -0.1807632          108.5937            1                   
	61        -0.190834           112.9242            1                   
	62        -0.1539612          123.0794            1                   
	63        -0.1908302          111.5326            1                   
	65        -0.185051           104.8225            2                   
	66        -0.03611755         111.8555            1                   
	67        -0.1571579          107.2632            1                   
	70        0.06142807          86.21756            3                   
	71        -0.1607208          105.3458            1                   
	73        -0.1530571          122.3307            1                   
	74        0.2504082           82.50925            2                   
	75        -1                  -1                  0                   
	78        -1                  -1                  0                   
	79        0.7197113           86.9321             3                   
	82        0.1131287           106.3431            1                   
	84        0.07020187          116.183             1                   
	85        -0.06407547         112.6154            1                   
	87        -1                  -1                  0                   
	90        -1                  -1                  0                   
	94        0.1138763           139.343             1                   
	96        -0.04171753         38.65371            1                   
	98        -1                  -1                  0                   
