	SongName = 8-bit_Aggressive1
	MaxCombos = 14
	Score = 189848

	index     delay               angle               category            
	--------- ------------------- ------------------- ------------------- 
	1         -0.1415805          95.92439            2                   
	0         -1                  -1                  0                   
	4         0.03897953          125.1405            1                   
	3         -1                  -1                  0                   
	6         -1                  -1                  -1                  
	6         -1                  -1                  -1                  
	7         -1                  -1                  0                   
	9         -1                  -1                  -1                  
	9         -1                  -1                  -1                  
	11        0.1236281           113.7424            1                   
	12        0.07027197          118.058             1                   
	13        -0.1463432          46.50008            1                   
	14        -0.1706057          82.34103            2                   
	15        -0.05357552         57.62932            1                   
	16        -0.05645561         96.78357            2                   
	18        0.04516983          107.9149            1                   
	19        -0.142148           93.74111            3                   
	20        0.0561676           128.8766            1                   
	22        -0.07811069         49.63189            1                   
	21        -1                  -1                  0                   
	24        -0.1441202          74.04575            1                   
	25        0.05578232          140.4667            1                   
	26        -0.1589956          114.8444            1                   
	28        -0.1456165          64.01219            1                   
	29        -0.1485405          88.13594            3                   
	30        -0.1427364          77.82529            2                   
	31        -0.1686306          20.80097            1                   
	32        -0.1627579          55.80343            1                   
	33        0.0719738           117.2618            1                   
	34        0.06560135          128.465             1                   
	35        0.07077217          109.6802            1                   
	36        0.03387833          87.31848            3                   
	37        -0.1659336          45.13491            1                   
	38        0.07494354          110.6639            1                   
	39        -1                  -1                  0                   
	40        0.03369713          137.5892            1                   
	41        0.07043076          113.656             1                   
	43        0.03042984          144.7123            1                   
	42        -1                  -1                  0                   
	SongName = 8-bit_Aggressive1
	MaxCombos = 47
	Score = 1804210

	index     delay               angle               category            
	--------- ------------------- ------------------- ------------------- 
	0         -0.0270068          117.6798            1                   
	2         -0.1884739          25.39455            1                   
	1         -1                  -1                  0                   
	3         -0.1827142          37.72448            1                   
	4         -1                  -1                  0                   
	5         -1                  -1                  0                   
	7         -0.1659341          79.83239            2                   
	9         0.02111101          144.263             1                   
	10        0.06086159          54.7468             1                   
	12        0.02750587          130.9017            1                   
	13        -0.1677485          91.38957            3                   
	14        0.03503418          122.5217            1                   
	16        0.04247189          126.123             1                   
	17        -0.1795397          110.5086            1                   
	18        0.06641674          127.6687            1                   
	19        0.04215431          121.7435            1                   
	20        -0.1709232          85.21078            2                   
	21        -0.1587467          56.28274            1                   
	22        -0.05686378         87.26847            3                   
	23        0.03764153          125.6275            1                   
	24        0.04022694          123.1051            1                   
	25        -0.1712408          70.99272            1                   
	26        0.04662132          124.3135            1                   
	28        -0.1670666          73.30509            1                   
	29        -0.1699238          33.4602             1                   
	30        0.2122211           74.88675            1                   
	31        -0.1686535          90.10112            3                   
	32        0.04281235          111.8293            1                   
	33        -0.1978378          58.00525            1                   
	34        -0.1828041          36.27987            1                   
	35        0.04943466          124.232             1                   
	36        -1                  -1                  0                   
	37        -1                  -1                  0                   
	38        -0.01033974         75.21288            2                   
	39        -0.1675663          120.9361            1                   
	40        -0.172123           75.03484            2                   
	41        -1                  -1                  0                   
	42        -1                  -1                  0                   
	45        0.05628014          124.5254            1                   
	46        0.04204178          134.6874            1                   
	47        0.05757523          111.0491            1                   
	48        0.05310631          129.6151            1                   
	49        -1                  -1                  0                   
	50        -0.1609898          81.01914            2                   
	51        0.04986191          137.1805            1                   
	52        -0.1668205          85.73209            2                   
	53        -0.1713333          102.1069            2                   
	54        -0.1655464          76.67123            2                   
	55        -0.1791573          77.44523            2                   
	56        0.04161072          125.3549            1                   
	57        -1                  -1                  0                   
	58        0.04288101          126.1841            1                   
	59        0.1747856           148.5332            1                   
	60        -0.1731682          104.9948            2                   
	61        0.03671265          115.0566            1                   
	62        0.05220032          115.5098            1                   
	63        0.03675842          115.6513            1                   
	64        -0.1718292          66.53052            1                   
	65        0.1918602           102.4903            2                   
	66        0.04217529          118.301             1                   
	67        0.02777863          115.8495            1                   
	68        -0.1773415          61.67575            1                   
	69        -0.1702423          43.37               1                   
	70        0.06185913          113.3572            1                   
	71        0.02383423          139.7751            1                   
	72        -0.1748924          57.16306            1                   
	73        -0.1954155          57.2382             1                   
	74        -0.1682472          43.49305            1                   
	75        -0.175621           64.29772            1                   
	76        0.03757095          134.5606            1                   
	77        0.03251648          151.7177            1                   
	78        0.1579361           116.415             1                   
	79        0.05122375          135.395             1                   
	80        -0.05981064         86.31515            3                   
	81        -0.1699715          36.5344             1                   
	82        -0.1773872          63.33312            1                   
	83        0.0369606           118.1906            1                   
	84        -0.1777267          20.8892             1                   
	85        0.0353508           132.8371            1                   
	86        -0.174778           25.4987             1                   
	87        0.05807114          127.511             1                   
	88        0.2015419           146.2345            1                   
	89        0.0414505           125.7949            1                   
	90        0.07616806          130.5887            1                   
	91        0.03059006          130.7176            1                   
	93        0.03986359          130.8175            1                   
	94        -0.197979           60.80083            1                   
	95        -0.2008591          33.0023             1                   
	96        -0.08389664         91.80627            3                   
	97        -0.08681488         48.19728            1                   
	98        -0.1696014          89.34744            3                   
	99        0.05446625          132.5803            1                   
	100       0.04709625          137.4251            1                   
	101       -0.1889954          32.93094            1                   
	103       -0.1769028          91.70097            3                   
	104       -0.1800842          41.64273            1                   
	105       0.2446442           94.54269            2                   
	106       -0.0521698          47.52338            1                   
	107       -1                  -1                  0                   
	SongName = Will_you_still_cry
	MaxCombos = 7
	Score = 63616

	index     delay               angle               category            
	--------- ------------------- ------------------- ------------------- 
	1         -0.1701746          128.9181            1                   
	0         -1                  -1                  0                   
	5         0.04024935          138.8913            1                   
	3         -1                  -1                  0                   
	7         -0.1731224          51.00491            1                   
	8         0.05811787          122.2351            1                   
	9         0.05770969          130.8709            1                   
	10        0.04378653          109.8686            1                   
	12        -0.168519           53.28363            1                   
	14        -0.1472945          60.78363            1                   
	13        -1                  -1                  0                   
	16        -0.1554585          92.34402            3                   
	17        0.0497961           106.2666            1                   
	18        0.04897976          63.48413            1                   
	20        0.04473972          116.0566            1                   
	19        -1                  -1                  0                   
	22        0.03548717          120.9645            1                   
	23        0.05648518          125.6868            1                   
	24        0.04247189          109.3985            1                   
	25        -0.1585197          56.59451            1                   
	26        -0.03090096         65.90944            1                   
	27        0.04718781          139.135             1                   
	28        -0.04067421         37.55342            1                   
	29        -1                  -1                  0                   
	32        -0.1592674          89.02891            3                   
	31        -1                  -1                  0                   
	34        0.05315208          146.2709            1                   
	36        0.04582787          125.841             1                   
	35        -1                  -1                  0                   
	38        -0.1753216          106.7112            1                   
	39        -1                  -1                  0                   
	40        0.04698372          133.4931            1                   
	41        -0.03924561         83.16774            2                   
	42        -0.09740639         73.76492            1                   
	43        -1                  -1                  0                   
	44        -1                  -1                  0                   
	SongName = Will_you_still_cry
	MaxCombos = 12
	Score = 89537

	index     delay               angle               category            
	--------- ------------------- ------------------- ------------------- 
	0         -0.01539683         113.543             1                   
	1         0.03537415          94.22798            2                   
	3         0.04775512          124.375             1                   
	4         -1                  -1                  0                   
	6         -0.1058435          81.45746            2                   
	5         -1                  -1                  0                   
	8         0.03657579          134.8574            1                   
	9         0.03609991          115.2475            1                   
	10        0.04346895          101.2438            2                   
	11        -1                  -1                  0                   
	12        -0.1686778          60.9496             1                   
	14        -0.1900835          60.17641            1                   
	15        0.0380497           137.0354            1                   
	17        0.04975033          152.6893            1                   
	16        -1                  -1                  0                   
	19        -0.1657076          58.02125            1                   
	20        0.04464817          93.83932            3                   
	21        -0.08260059         87.59577            3                   
	22        -0.1702652          75.85246            2                   
	23        0.03496552          109.1553            1                   
	24        -0.1633263          65.11488            1                   
	25        0.0256691           149.0255            1                   
	26        -1                  -1                  0                   
	27        -0.1587219          53.43033            1                   
	29        -0.1757526          49.59498            1                   
	30        0.0346489           82.15979            2                   
	31        -0.178587           81.88155            2                   
	33        0.03927422          91.86458            3                   
	32        -1                  -1                  0                   
	34        0.05319595          81.53326            2                   
	37        0.06487656          117.7553            1                   
	36        -1                  -1                  0                   
	40        0.0256691           154.9285            1                   
	41        -1                  -1                  0                   
	42        0.02285767          98.4794             2                   
	44        0.051157            107.8746            1                   
	45        0.04258537          72.65515            1                   
	46        0.02700615          94.0328             2                   
	47        0.0673027           49.43078            1                   
	48        0.03739166          123.1773            1                   
	49        0.1712475           148.125             1                   
	50        0.03632736          115.4823            1                   
	51        -0.1767273          54.35042            1                   
	52        -0.2360249          26.34928            1                   
	53        0.0606575           95.3374             2                   
	55        0.03129196          117.1488            1                   
	54        -1                  -1                  0                   
	56        -1                  -1                  -1                  
